111110011101011000111010110111011001110101011100
111110111001110011100011110111101011011000010110011010011011100
1001011111101111001001111000111101011000101100000100110011101011010110101010011011010110101101110110111011000101000100110100011011010110100011100100110001100011101001011011110101011011110100011111001100011110101110110111101001010101011011110100111111011111101010001111100001111100111100100000101100001000110011000110111110111111011110101101111111000110010101101000110111110100110110100111011111100010110111011100000000011100101011000110011100100110001010001111110011000011011111011100100
11100101011110101101001111111110111000011100111010101011101001001100000010110000010000001101111111101100010000111010111011110010011000110011100100110001011010011010011101110110000010000000001011001111100101110011001010000111110110010000111010001001101011001000010111011110001010011111101011001011110100111100011000101101011011111100000101010110100111111000
1111000100101111111101101010111101110010101111000100100000100011000110101101000101100110101100100111000101101011010110101101110000101001110111000000000100111110001011010011110001100011101001100111011000111111011110111000010100111011111011010101111011100101011110111010011101010001100010010000010001100011010110100010110011001001011000001010111010101000111000000110111001100100010011111011000111010110011101011111001100011111001111011100000000010011111000101010011010
101110110111100100010111001000010011011111010100111101011010101001101111010000001110111110111101000000000111011111110101110110111101001010010000111011001000011101100100001110111101110111011011110100101011110001100101011111001001110111110111100111010101011101001001100000010110000010000001111011110001010000100111000111001001011010011100000111111000100010101101010111111000101101011010011011100
111110011101011000111010110111011001110101011100
111110111001110011100011110111101011011000010110011010011011100
1001011111101111001001111000111101011000101100000100110011101011010110101010011011010110101101110110111011000101000100110100011011010110100011100100110001100011101001011011110101011011110100011111001100011110101110110111101001010101011011110100111111011111101010001111100001111100111100100000101100001000110011000110111110111111011110101101111111000110010101101000110111110100110110100111011111100010110111011100000000011100101011000110011100100110001010001111110011000011011111011100100
11100101011110101101001111111110111000011100111010101011101001001100000010110000010000001101111111101100010000111010111011110010011000110011100100110001011010011010011101110110000010000000001011001111100101110011001010000111110110010000111010001001101011001000010111011110001010011111101011001011110100111100011000101101011011111100000101010110100111111000
1111000100101111111101101010111101110010101111000100100000100011000110101101000101100110101100100111000101101011010110101101110000101001110111000000000100111110001011010011110001100011101001100111011000111111011110111000010100111011111011010101111011100101011110111010011101010001100010010000010001100011010110100010110011001001011000001010111010101000111000000110111001100100010011111011000111010110011101011111001100011111001111011100000000010011111000101010011010
101110110111100100010111001000010011011111010100111101011010101001101111010000001110111110111101000000000111011111110101110110111101001010010000111011001000011101100100001110111101110111011011110100101011110001100101011111001001110111110111100111010101011101001001100000010110000010000001111011110001010000100111000111001001011010011100000111111000100010101101010111111000101101011010011011100
